19.4444,-0.595238,0;17.3611,-0.555556,0.833333;15.5556,0,-0.625;12.7778,0.833333,0;10.5159,-0.666667,-0.277778;8.22222,-0.648148,-0.625;7.5,-0.5,-0.5;5.27778,0.833333,-0.416667;1.62698,-0.5,-0.555556;-0.595238,-0.625,-0.625;-2.72222,-0.648148,-0.595238;-4.94445,-0.555556,-0.648148;-6.66667,-0.666667,0.833333;-8.88889,-0.555556,0.833333;-11.6667,-0.666667,-0.666667;-13.8889,-0.555556,-0.277778;-16.0556,-0.595238,-0.5;-18.4259,-0.5,-0.595238;-20,0.833333,-0.625
18.9091,-0.454545,1.36364;15.4545,-1.02273,-0.909091;12.7273,-1.09091,-0.818182;10.4545,-0.974026,-0.818182;6.81818,-1.09091,1.36364;3.18182,-0.818182,-0.818182;-0.454546,-1.02273,0;-6.36364,-0.818182,1.36364;-10.1818,1.36364,-0.681818;-13.7879,-1.02273,-0.909091;-17.3377,-0.818182,-0.909091;-21.0227,-0.818182,-0.681818
19.5833,-0.666667,-0.277778;17.1296,-0.625,-0.5;15.5556,-0.277778,-0.666667;12.7381,-0.595238,-0.595238;10.5159,0,0.833333;8.47222,-0.5,-0.5;6.11111,-0.416667,-0.416667;3.84921,0,-0.5;1.59722,-0.666667,-0.625;-0.625,-0.416667,-0.555556;-2.72222,-0.625,0.833333;-5,0.833333,-0.648148;-6.94445,0.833333,-0.416667;-9.51389,-0.5,-0.595238;-11.6667,0,-0.666667;-13.8889,-0.5,-0.666667;-16.2037,-0.625,-0.277778;-18.2778,-0.416667,-0.666667;-20.5,0.833333,-0.595238
19.25,-0.666667,-0.714286;17.3333,1,1;14.0667,0,-0.777778;11.2,1,1;9,-0.8,-0.714286;7.66667,-0.5,-0.5;3.4,-0.75,-0.333333;0.666665,-0.666667,0;-2.08333,0,-0.6;-4.71429,-0.333333,-0.666667;-7.46667,-0.6,-0.5;-8.33333,0,-0.5;-12.6,1,1;-14.6667,-0.8,-0.8;-17.8333,-0.714286,-0.8;-20.7778,-0.714286,-0.777778
19.2857,-0.803571,0;16.7857,-0.765306,-0.857143;13.4524,0,-0.714286;10.5952,-0.535714,-0.803571;7.80612,-0.357143,1.07143;5.35714,0,1.07143;2.05357,-0.857143,-0.642857;-0.642857,-0.765306,-0.642857;-2.85714,-0.857143,-0.833333;-6.51786,-0.357143,1.07143;-8.57143,-0.714286,0;-12.1939,-0.535714,-0.535714;-15.119,1.07143,1.07143;-17.8571,-0.833333,0;-20.6429,-0.833333,-0.765306
19.25,-0.833333,-1;16.6667,-0.9375,-0.625;12.3611,-0.75,-0.416667;9.0625,-0.416667,-0.9375;5.72917,-0.833333,-0.833333;2.36111,0,1.25;-0.833333,-1,-0.833333;-4.27083,-0.625,-0.972222;-7.55952,-0.892857,-0.416667;-8.75,-0.972222,-0.625;-12.0833,-0.833333,-0.75;-16.6667,-0.972222,-0.972222;-18.75,-0.833333,-0.625
20,-0.833333,-0.75;16.0417,-0.75,1.25;12.7083,-0.972222,1.25;11.25,-0.9375,-0.892857;6.25,-0.9375,-0.9375;3.33333,-0.9375,-0.625;-0.416667,1.25,-0.972222;-3.95833,-0.416667,-0.625;-7.08333,-1,0;-11,-0.833333,-1;-14.2262,1.25,-1;-17.0833,-0.416667,-0.416667;-20,0,-0.892857
18.8333,-1.07143,1.5;14.875,0,-0.9;12,-1,-1.2;8,-1,0;2.92857,-0.9,-0.9;0,-0.75,0;-4.5,-1.07143,-1.125;-8.9,-1,0;-13.2,-0.75,-1.2;-16.9,1.5,-1.125;-20.5,-1.2,-1.16667
19.1758,-0.897436,-0.897436;16.0577,0,-0.384615;13.4615,-0.769231,-0.692308;9.8718,-0.384615,0;7.69231,-0.769231,0;3.92308,0,-0.923077;0.961539,-0.384615,-0.865385;-2.4359,-0.923077,-0.897436;-5.53846,-0.824176,-0.576923;-8.07692,-0.923077,-0.824176;-11.3462,-0.824176,-0.897436;-14.7692,-0.923077,-0.865385;-17.7473,1.15385,-0.897436;-20.7692,-0.824176,-0.923077
19.5588,-0.686275,-0.630252;17.2059,-0.441176,-0.294118;14.6078,-0.630252,0.882353;12.3529,0,0;10.1471,0.882353,0.882353;8.23529,-0.705882,-0.529412;5.88235,-0.441176,-0.705882;3.52941,-0.294118,-0.686275;0.546218,-0.705882,-0.630252;-0.294119,-0.686275,-0.588235;-2.64706,-0.705882,0;-5.88235,-0.705882,-0.441176;-8.82353,-0.529412,-0.630252;-11.1765,-0.705882,-0.588235;-13.6029,0,-0.294118;-15.2941,-0.686275,0.882353;-18.2773,-0.630252,-0.661765;-20.6863,-0.588235,-0.294118
5.775,-0.1875,-0.1875;6.73214,-0.1875,0;7.8125,-0.25,-0.291667;8.875,-0.25,-0.125;9.71875,-0.3,-0.3;10.7,-0.25,-0.225;11.7,-0.225,-0.25;12.875,-0.25,-0.267857;14.375,-0.25,-0.267857;14.7083,-0.225,-0.225;15.8125,-0.3,-0.1875;16.875,-0.225,-0.125;17.7083,-0.1875,-0.28125
5.8,-0.214286,-0.15;6.7,0.3,-0.1;7.6,-0.15,-0.225;8.3,-0.18,-0.214286;9.1,-0.225,-0.24;9.775,-0.214286,-0.225;10.62,-0.233333,-0.233333;11.42,-0.233333,0;12.25,-0.214286,-0.214286;12.9667,-0.1,-0.24;13.7667,-0.18,-0.233333;14.5857,-0.15,-0.18;15.5,-0.15,0;16.7,0,-0.214286;17.05,-0.15,-0.2;18.3,-0.24,-0.24
5.72727,-0.292208,-0.272727;6.88636,-0.292208,-0.272727;7.88961,-0.327273,-0.204545;8.95455,-0.292208,-0.292208;10.1182,-0.306818,-0.306818;11.1623,-0.272727,-0.136364;12.5455,-0.292208,-0.136364;13.3182,-0.318182,-0.204545;14.4351,-0.306818,0;15.6136,-0.136364,-0.327273;16.5818,-0.327273,-0.327273;17.7955,-0.306818,-0.306818
10,20,0;10,16.5,0;10,13,0;10,9.5,0;10,6,0;10,2.5,0;10,-1,0;10,-4.5,0;10,-8,0;10,-11.5,0;10,-15,0
5.79412,-0.0882353,0.264706;6.97059,0,0.264706;7.23529,-0.132353,0.264706;8.02941,-0.198529,-0.205882;8.64706,-0.158824,-0.0882353;9.79412,-0.158824,-0.132353;10.0368,-0.211765,-0.198529;10.7521,0.264706,-0.132353;11.5147,0.264706,-0.189076;12.1544,0.264706,-0.176471;13.3235,0.264706,-0.198529;13.5529,-0.205882,-0.205882;14.2647,0.264706,-0.189076;14.9706,-0.132353,-0.189076;15.7059,-0.205882,-0.205882;16.5882,-0.158824,-0.198529;17.0882,-0.132353,0.264706;17.8676,-0.198529,-0.198529
5.8,-0.15,-0.0833333;6.5,0.25,-0.178571;7.13333,-0.0833333,-0.194444;7.91667,-0.125,-0.166667;8.5,0,0;9.25,-0.0833333,0.25;10,-0.125,-0.0833333;10.4722,-0.1875,0;11.1458,-0.15,0;11.9167,-0.178571,-0.2;12.4722,0.25,-0.0833333;13.1667,-0.2,0.25;13.85,-0.166667,-0.15;14.5417,-0.125,-0.125;15.2083,-0.178571,-0.0833333;15.8,-0.166667,-0.1875;16.5,0,-0.1875;17.1458,-0.1875,-0.178571;17.8214,-0.125,-0.125
5.70779,-0.272727,-0.327273;7.5,-0.292208,0.409091;7.93636,-0.327273,-0.272727;8.94546,-0.292208,-0.272727;10.0909,0.409091,0;11.1364,-0.306818,-0.272727;12.2386,-0.272727,-0.136364;13.4318,0.409091,-0.318182;14.4351,-0.272727,-0.318182;15.5,-0.245455,-0.318182;16.6169,-0.292208,-0.245455;17.8636,-0.204545,-0.204545
6.25,0.25,-0.2;6.47222,-0.194444,0;7.13889,-0.15,0.25;7.8125,-0.178571,-0.194444;8.4881,-0.166667,-0.2;9.15476,-0.1875,-0.166667;9.875,-0.178571,-0.194444;10.5833,-0.194444,-0.166667;11.3333,0.25,-0.125;11.8056,-0.194444,-0.166667;12.4722,-0.0833333,-0.125;13.3333,-0.166667,-0.15;13.8056,-0.15,-0.15;14.5167,0,-0.1875;15.1548,0.25,-0.166667;16.25,-0.125,0;16.5417,-0.166667,-0.15;17.25,-0.166667,0;17.8125,0,-0.15
5.72308,-0.269231,-0.276923;6.67582,0.346154,0.346154;7.61538,-0.269231,-0.276923;8.53846,0.346154,-0.269231;9.46154,-0.207692,-0.259615;10.5,-0.230769,0.346154;11.3654,0,-0.247253;12.2308,-0.173077,-0.230769;13.2115,0.346154,-0.115385;14.1923,-0.269231,0.346154;15,-0.269231,-0.276923;15.8846,0,0.346154;16.8692,0,-0.259615;17.7231,0,0.346154
5.80556,-0.125,-0.166667;6.47917,-0.166667,-0.1875;7.20833,-0.0833333,-0.125;7.875,-0.0833333,-0.194444;8.5,-0.1875,-0.125;9.16667,-0.166667,-0.178571;9.80556,-0.166667,0;10.4881,-0.0833333,-0.1875;11.25,-0.0833333,-0.0833333;11.8,-0.166667,-0.125;12.5,0.25,-0.1875;13.1833,-0.178571,-0.166667;13.85,-0.15,-0.166667;14.5833,-0.125,-0.2;15.1833,-0.0833333,-0.15;15.8,-0.1875,-0.0833333;16.5833,-0.2,0;17.1833,-0.125,0.25;17.8,-0.125,0
5.8,0,-0.24;6.56667,0.3,-0.18;7.45,0.3,-0.15;8.4,0,-0.24;8.975,0,-0.18;9.9,0,-0.15;10.62,-0.1,0;11.6,-0.15,-0.225;12.4,-0.24,-0.233333;13.2,-0.15,-0.225;13.7667,-0.24,-0.24;15.1,-0.18,-0.15;15.45,-0.2,-0.2;16.7,-0.2,0.3;17,-0.2,0;17.8,-0.1,-0.1
-5.71875,-0.09375,0.28125;-6.89063,-0.210938,-0.21875;-7.66875,0,-0.16875;-8.41875,-0.21875,-0.1875;-9.1875,-0.200893,0;-9.96875,-0.09375,0;-10.5,-0.09375,-0.140625;-11.4375,-0.140625,-0.16875;-12.2009,-0.16875,-0.09375;-12.4688,-0.140625,-0.200893;-13.725,0,0.28125;-13.9688,-0.140625,-0.16875;-15.225,-0.200893,-0.210938;-15.75,-0.210938,-0.1875;-16.6688,-0.210938,-0.09375;-16.9688,-0.09375,-0.21875;-18.1406,0.28125,0.28125
-6.21429,-0.15,-0.18;-6.98,0.3,-0.2;-7.6,-0.233333,-0.233333;-8.5,-0.214286,-0.18;-9.2,-0.24,-0.18;-10.2333,-0.225,-0.18;-11.0143,-0.225,0;-11.825,0,-0.1;-12.64,-0.225,-0.214286;-13.4,-0.233333,-0.233333;-13.7,0.3,0;-14.5,-0.2,0;-15.8333,-0.2,-0.2;-16.6333,0,-0.233333;-17.4,-0.24,-0.225;-17.7,-0.214286,-0.18
-6.18947,0,-0.157895;-6.81579,0,0.236842;-7.02632,-0.184211,-0.0789474;-7.97368,-0.177632,-0.169173;-8.64474,-0.184211,-0.169173;-9.33553,-0.189474,-0.169173;-9.97895,-0.142105,-0.169173;-10.5,-0.118421,-0.142105;-11.2105,-0.169173,0.236842;-11.4474,-0.157895,-0.169173;-12.0789,-0.118421,-0.189474;-13.1165,-0.157895,-0.177632;-13.3421,-0.184211,-0.157895;-14.2105,0.236842,-0.177632;-14.6053,-0.189474,-0.157895;-15.6513,-0.189474,-0.142105;-16.1842,0.236842,-0.0789474;-16.9263,-0.184211,0;-17.5526,-0.118421,0.236842;-18.1895,0,-0.142105
10,20,0;10,16.5,0;10,13,0;10,9.5,0;10,6,0;10,2.5,0;10,-1,0;10,-4.5,0;10,-8,0;10,-11.5,0;10,-15,0
-6.17857,-0.166667,-0.178571;-6.83333,-0.15,-0.0833333;-7.48333,-0.166667,0;-8.17857,-0.15,-0.125;-8.79167,0.25,-0.2;-9.5,-0.166667,0.25;-9.75,-0.125,0.25;-10.8167,-0.125,0;-11.4583,-0.178571,-0.1875;-12.1667,-0.2,-0.178571;-12.8452,-0.15,-0.194444;-13.5,0,-0.15;-14,-0.2,-0.166667;-14.8611,-0.178571,-0.178571;-15.5119,-0.178571,-0.15;-16.1667,-0.0833333,-0.178571;-16.8542,-0.0833333,-0.178571;-17.5208,0,-0.0833333;-18.1786,-0.1875,-0.15
-6.15882,0.264706,-0.0882353;-6.79412,-0.211765,-0.176471;-7.61765,0,-0.189076;-8.31618,0,0.264706;-8.82353,-0.189076,0.264706;-9.66176,-0.189076,-0.205882;-10.3235,-0.0882353,-0.189076;-11.1176,-0.205882,-0.198529;-11.3824,-0.189076,-0.198529;-12.5118,-0.198529,-0.198529;-13.1912,-0.189076,-0.158824;-13.5,-0.189076,-0.198529;-14.4706,-0.0882353,-0.158824;-15.3353,-0.132353,-0.211765;-15.9706,-0.189076,-0.205882;-16.6765,-0.132353,-0.158824;-17.3824,-0.0882353,-0.0882353;-18.1985,-0.189076,-0.211765
-6,-0.267857,0;-7.26786,0,0.375;-8.225,-0.3,-0.28125;-9.125,-0.1875,-0.1875;-10.1875,-0.267857,-0.225;-11.2917,-0.3,-0.125;-12.2917,0,-0.28125;-13.225,-0.3,-0.25;-14.2813,-0.225,-0.1875;-15.225,-0.25,-0.1875;-15.625,-0.125,-0.267857;-17.125,-0.25,-0.291667;-18.225,0,-0.267857
-6.21094,-0.140625,-0.200893;-6.46875,-0.200893,-0.225;-7.59375,-0.16875,-0.210938;-8.39063,-0.1875,0;-9.1875,-0.225,-0.200893;-9.975,-0.09375,-0.09375;-10.7188,-0.200893,-0.210938;-11.4609,-0.21875,-0.225;-12.2188,-0.210938,-0.140625;-12.9609,-0.1875,-0.1875;-13.6687,-0.09375,-0.200893;-14.3906,0,-0.16875;-15.2009,-0.21875,-0.140625;-15.4688,-0.21875,-0.1875;-16.5938,-0.210938,0.28125;-17.4688,-0.210938,-0.21875;-18,-0.200893,-0.200893
-6,-0.158824,-0.158824;-6.83824,0.264706,-0.189076;-7.14706,-0.198529,-0.205882;-8.11765,-0.0882353,-0.158824;-9,-0.198529,-0.189076;-9.52941,0,-0.211765;-10.4244,-0.158824,0;-11.0735,-0.158824,-0.176471;-11.8059,-0.189076,-0.211765;-12.4853,-0.158824,-0.132353;-13.0588,-0.198529,-0.211765;-13.9538,0.264706,-0.211765;-14.6597,-0.211765,-0.211765;-14.9118,0,-0.132353;-15.6176,-0.176471,0.264706;-16.7941,-0.0882353,-0.0882353;-17.5059,-0.211765,-0.189076;-18,0.264706,-0.198529
-6.15789,-0.189474,-0.189474;-6.77368,0,0;-7.44737,-0.0789474,-0.118421;-8.07895,-0.0789474,-0.189474;-8.71579,-0.184211,-0.184211;-9.34737,-0.142105,0.236842;-9.9079,-0.0789474,0.236842;-10.5,0,0.236842;-11.2368,0.236842,-0.169173;-11.4474,-0.142105,-0.189474;-12.5053,-0.142105,-0.0789474;-13.125,-0.189474,-0.177632;-13.3421,-0.169173,-0.177632;-14.2105,-0.142105,-0.189474;-15.0316,-0.169173,0.236842;-15.5526,-0.177632,-0.169173;-16.2632,-0.142105,-0.142105;-16.8947,-0.169173,-0.189474;-17.5376,-0.142105,-0.177632;-18.1184,-0.177632,-0.169173
-5.67857,0.321429,-0.229592;-7.11429,-0.160714,0;-7.94388,-0.107143,-0.241071;-8.80102,-0.229592,-0.192857;-9.10714,0,-0.107143;-10.5,0.321429,-0.160714;-11.3571,0.321429,-0.241071;-12.2411,0,-0.160714;-12.9643,-0.229592,-0.107143;-13.9439,-0.192857,0.321429;-14.8286,-0.257143,0;-15.6582,-0.25,-0.229592;-16.5,-0.214286,-0.25;-17.25,-0.160714,-0.192857;-18.2296,-0.192857,-0.107143
48.9665,13.9665,-0.125379;52.2088,11.8242,2.75461;55.6715,9.29943,0.650774;58.5073,7.11231,1.19962;61.1502,5.04577,1.50731;66.8315,3.46154,2.53846;67.3764,2.60076,1.76097;70.5739,-2.27922,1.99631;74.6154,-4.58692,2.37635;76.5669,-6.73384,2.64385;80.0458,-9.23446,2.95154;83.3638,-10.8669,3.25924;86.4408,-13.6569,6.13922;88.8746,-15.7235,4.03539
48.8425,13.8425,0.276542;51.9917,12.6923,0.439543;55.4304,9.25924,1.61538;59.2308,6.95154,0.83789;61.4395,4.80462,1.10539;64.2592,2.49693,1.38093;67.3764,0.06866,1.978;70.4533,-2.02199,2.43039;73.49,-4.49505,2.33616;77.6923,-4.32231,5.21615;79.8046,-9.2023,3.59462;82.978,-11.1081,3.66116;85.9585,-13.7258,4.21;89.1319,-15.4823,6.44692
10,20,0;10,16.5,0;10,13,0;10,9.5,0;10,6,0;10,2.5,0;10,-1,0;10,-4.5,0;10,-8,0;10,-11.5,0;10,-15,0
10,20,0;10,16.5,0;10,13,0;10,9.5,0;10,6,0;10,2.5,0;10,-1,0;10,-4.5,0;10,-8,0;10,-11.5,0;10,-15,0
50,13.8425,0.517695;51.9917,12.21,0.439543;56.1538,9.29943,0.650774;60.6777,6.99174,0.889566;63.7546,5.04577,3.67768;66.8315,2.37635,2.53846;67.9792,0.189236,1.88154;70.3809,-2.18736,2.12034;73.5302,-3.94384,2.73808;76.8242,-6.89461,2.68404;80.0458,-9.23446,2.91939;85.2931,-11.4698,3.66116;86.9231,-13.7775,3.56693;91.4469,-15.7235,3.84247
48.9665,14.5177,0.517695;52.1123,11.8242,0.584234;55.1892,9.66116,0.530198;58.5073,7.11231,1.19962;61.1823,5.04577,1.50731;64.6612,2.33616,1.45327;69.9085,2.60076,1.72077;70.4533,-1.63615,1.99631;73.7472,-3.46154,4.90845;76.5348,-6.89461,2.90108;82.2161,-8.07692,5.52384;85.2931,-11.5421,3.29943;88.37,-13.8498,3.6588;88.9148,-13.5531,3.96649
49.5177,14.2765,1;52.1123,14.1392,0.343082;54.9963,9.3511,0.490006;58.3626,7.11231,3.36999;61.1823,4.64385,1.26616;64.3511,2.42803,1.38093;69.9085,2.60076,2.36385;70.5739,-2.27922,2.02847;73.5302,-3.94384,2.33616;76.6071,-5.76923,3.28693;79.6438,-8.55923,4.07692;82.7208,-11.5421,3.22708;85.8896,-13.4158,3.6588;88.8425,-13.5531,4.13185
48.8746,14.5177,0.131851;52.3535,11.7277,0.584234;56.1538,9.25924,0.457852;58.5073,7.35347,0.958467;62.3077,4.68404,1.26616;64.2271,2.59339,1.67031;67.3362,0.0284679,1.76097;72.9854,-2.18736,2.06866;73.8919,-4.185,3.46154;76.8242,-6.73384,3.04577;80.7692,-8.55923,3.11231;83.8462,-11.4181,5.83153;85.9585,-13.7258,3.60712;89.2765,-15,4.03539
48.9665,15,-0.157532;52.3535,14.1392,0.274181;55.0285,11.8315,0.891927;58.1973,7.20877,0.797698;61.5842,4.90108,1.14558;64.3511,2.97923,1.67031;67.4969,0.671542,1.68862;70.815,-2.18736,2.43039;76.0623,-4.61907,3.46154;79.1392,-6.89461,3.04577;79.8046,-9.23446,2.99174;83.3638,-11.2528,3.66116;86.9231,-13.8177,3.82416;88.9148,-13.5531,3.84247
10,20,0;10,16.5,0;10,13,0;10,9.5,0;10,6,0;10,2.5,0;10,-1,0;10,-4.5,0;10,-8,0;10,-11.5,0;10,-15,0
49.5177,13.8746,-0.157532;52.5946,11.8242,0.825387;54.9963,9.3511,1.61538;60.6777,7.35347,1.05493;62.3077,4.64385,1.07324;65.3846,2.37635,1.815;67.3362,0.189236,2.1227;70.4533,-2.27922,2.06866;73.5819,-4.54673,2.42803;76.7277,-6.25153,2.64385;79.7357,-9.11043,4.07692;82.978,-8.9377,3.29943;86.1996,-13.5605,4.69231;89.2765,-13.5531,3.84247
48.9148,13.9665,2.44692;51.9515,14.1392,0.439543;55.1203,9.66116,0.490006;58.3626,7.04341,1.92308;61.2742,4.90108,1.07324;64.6612,2.73808,2.05616;67.5934,0.189236,1.81264;71.0562,-2.31138,2.02847;76.0623,-3.46154,2.42803;76.6588,-6.25153,2.64385;79.8046,-9.04153,3.35347;82.978,-11.4698,3.25924;86.9231,-13.7775,3.53477;88.8746,-15.9646,4.27654
49.2765,14.0354,0.0353897;53.0769,11.5348,0.182313;55.2857,9.66116,3.0623;58.0732,7.04341,1.44077;61.5842,7.21615,2.23077;64.42,2.59339,1.67031;67.3362,0.285697,1.978;70.4131,-1.63615,2.06866;73.8919,-2.01462,2.33616;76.6588,-5.76923,2.68404;80.0458,-6.63001,3.59462;83.8462,-11.5421,4.38462;85.7977,-13.7775,3.60712;88.8425,-13.5531,4.13185
10,20,0;10,16.5,0;10,13,0;10,9.5,0;10,6,0;10,2.5,0;10,-1,0;10,-4.5,0;10,-8,0;10,-11.5,0;10,-15,0
10,20,0;10,16.5,0;10,13,0;10,9.5,0;10,6,0;10,2.5,0;10,-1,0;10,-4.5,0;10,-8,0;10,-11.5,0;10,-15,0
8.55,14.5,-0.583333;8.75,12.55,0.75;8.55,10.4,0.75;8.41667,8.4,-0.45;8.41667,6.46429,-0.5625;9.75,4.4375,-0.375;8.4,2.55,-0.583333;8.55,0.55,-0.6;8.4375,-1.25,-0.45;8.55,-3.45,-0.5625;8.625,-5,-0.583333;8.5,-7.45,-0.6;8.75,-9.58333,0.75;8.4375,-11.25,-0.375;8.5,-13.5833,-0.583333;8.5,-15.45,-0.535714
8.46429,14.4643,-0.5;8.75,12.75,0.75;8.5,10.4643,-0.5;8.4375,8.4,-0.583333;9,6.55,0.75;9.75,4.5,0;8.625,2.4375,-0.6;8.4375,0.464286,0;8.75,-1.45,-0.5625;9.75,-3.25,-0.5625;8.55,-5.58333,-0.45;8.5,-7,-0.6;8.55,-9.5625,-0.45;9.75,-11.5357,-0.6;8.55,-13.5,-0.375;8.4375,-15.5,-0.375
9,14.4,-0.6;9,12.4375,-0.45;8.75,10.625,-0.375;8.75,8.625,-0.375;8.41667,6.625,-0.375;8.55,4.46429,-0.6;8.41667,2.55,-0.5625;8.46429,0.464286,-0.25;9.75,-1.6,-0.583333;8.4375,-3.5625,0.75;8.4,-5.45,-0.535714;8.75,-7.25,-0.375;8.75,-9.5625,-0.583333;8.75,-11.5833,-0.375;9.75,-13.45,-0.375;8.41667,-15.5833,0.75
10,20,0;10,16.5,0;10,13,0;10,9.5,0;10,6,0;10,2.5,0;10,-1,0;10,-4.5,0;10,-8,0;10,-11.5,0;10,-15,0
8.75,14.4375,0;8.5,13,-0.535714;8.55,10.4375,-0.375;9.75,8.46429,0.75;8.4,6.46429,-0.6;8.75,4.4,-0.535714;8.625,2.75,0;8.625,0.416667,-0.535714;8.4,-1.25,0;8.4,-3.6,0;8.41667,-5.53571,-0.25;8.55,-7.25,-0.45;8.41667,-9.53571,-0.535714;8.5,-11.25,-0.25;8.75,-13.45,-0.5;9,-15.375,-0.6
8.5,14.4375,-0.375;9,12.5,-0.5;9.75,10.4,-0.535714;8.55,8.75,-0.583333;8.75,6.625,-0.535714;9,4.75,-0.583333;8.41667,2.5,-0.535714;8.75,0.75,-0.583333;8.4375,-1.45,-0.583333;8.4375,-2.25,-0.25;8.55,-5.58333,-0.583333;9.75,-7.58333,-0.25;8.55,-8.25,0.75;8.5,-11.5,-0.25;8.46429,-12.25,-0.375;8.625,-15.45,-0.6
9,14.75,-0.583333;8.41667,12.75,0;8.46429,10.4167,0;8.55,8.5,0;8.46429,6.4375,-0.25;8.55,4.55,-0.5625;8.75,3.75,-0.583333;8.4,0.55,0.75;8.41667,-1,-0.535714;8.46429,-2.25,-0.6;8.46429,-5.6,-0.25;9,-7.58333,-0.535714;8.4375,-9.5625,-0.45;8.4375,-11.5833,0;9.75,-13.5357,-0.5;8.4,-15.5357,-0.5
8.75,14.4375,0;8.625,12.5,-0.5;8.46429,10.625,-0.535714;8.75,8.41667,-0.25;8.5,6.41667,-0.583333;8.55,4.625,-0.535714;8.55,2.4,-0.45;8.4375,0.464286,-0.25;8.55,-1,-0.5;9,-3.58333,0;8.4375,-5.6,-0.535714;8.41667,-7.45,-0.5625;8.46429,-9,-0.25;8.41667,-11.5357,-0.535714;9,-13.375,-0.6;8.46429,-15.45,-0.25
8.75,14.75,-0.375;9,12.625,-0.375;9,10.4,-0.583333;8.4375,8.4,-0.535714;8.625,6.75,-0.5625;8.55,4.55,-0.375;8.4375,2.5,-0.5;8.4375,0.464286,-0.583333;8.75,-1.375,-0.583333;9,-2.25,-0.6;8.75,-5.5625,-0.375;8.4,-7.45,-0.5625;9.75,-9.6,-0.583333;8.41667,-11.5833,-0.583333;8.4375,-12.25,-0.535714;8.4,-15.6,-0.535714
8.55,14.75,-0.583333;8.4375,12.4643,-0.25;8.4375,10.5,-0.583333;8.75,8.625,-0.583333;9,6.75,-0.25;8.46429,4.46429,-0.583333;8.46429,2.4375,-0.5625;8.625,1.75,-0.583333;8.46429,-1.53571,-0.45;8.46429,-3.58333,-0.535714;8.46429,-5,0;8.4375,-7.45,-0.5;8.41667,-9.53571,-0.583333;8.75,-11.5833,-0.25;8.55,-13.25,-0.45;8.41667,-15.45,-0.25
-9.70313,14.2969,-0.5625;-9,11.8304,-0.669643;-9.46875,10.9375,-0.3125;-9.46875,8.4375,-0.703125;-9.70313,4.29688,-0.703125;-9.5625,3.4375,-0.669643;-9.3125,-0.729167,-0.703125;-9.75,-3.20313,-0.3125;-9.5625,-5,-0.669643;-9,-8.25,0;-9.66964,-10.4688,-0.729167;-9.625,-13.2292,-0.3125;-9.75,-15.7292,-0.703125
-9.46875,14.2969,-0.669643;-9.625,11.9375,-0.5625;-9,9.27083,0;-8.0625,7.03125,-0.75;-8.0625,5,-0.703125;-8.0625,2.5,0;-9.625,-0.729167,-0.75;-9.66964,-2.8125,-0.75;-9.75,-5,-0.729167;-9.70313,-8.16964,-0.669643;-9,-10,-0.703125;-9.72917,-13.0625,-0.46875;-9.625,-15.75,-0.5625
10,20,0;10,16.5,0;10,13,0;10,9.5,0;10,6,0;10,2.5,0;10,-1,0;10,-4.5,0;10,-8,0;10,-11.5,0;10,-15,0
-9.72917,14.3304,-0.75;-9.70313,12.1875,-0.625;-8.0625,9.25,-0.75;-9.66964,6.75,-0.75;-9.5625,5,-0.3125;-9.3125,1.9375,-0.46875;-9.75,-0.75,-0.703125;-9.66964,-2.8125,-0.46875;-9.5625,-5.3125,-0.46875;-9.75,-8.16964,-0.3125;-9.66964,-10.5625,-0.46875;-9.70313,-12.9688,-0.625;-9.72917,-15.7292,-0.625
10,20,0;10,16.5,0;10,13,0;10,9.5,0;10,6,0;10,2.5,0;10,-1,0;10,-4.5,0;10,-8,0;10,-11.5,0;10,-15,0
-9.625,14.375,-0.46875;-9.75,12.1875,-0.669643;-9.5625,9.25,-0.3125;-9.75,6.77083,-0.625;-9.66964,4.53125,-0.703125;-9.3125,2.5,-0.729167;-9.70313,-0.75,-0.625;-9.3125,-2.96875,0.9375;-8.0625,-5,-0.729167;-9.3125,-8.16964,-0.703125;-9.46875,-10.5625,-0.46875;-9.66964,-13.1696,-0.75;-9.3125,-15.75,-0.3125
-9.5625,14.6875,-0.729167;-9.3125,11.7969,-0.729167;-9.5625,9.6875,-0.5625;-9.3125,6.875,-0.3125;-9.66964,4.375,-0.3125;-9.3125,3.4375,-0.625;-9.625,-0.75,-0.46875;-9.5625,-3.25,-0.625;-9.46875,-5.66964,-0.729167;-9.75,-8.25,-0.703125;-9.625,-10.7031,-0.5625;-9.75,-12.8125,-0.75;-9.66964,-15.75,-0.75
-9.3125,15,-0.703125;-9.3125,13.4375,-0.46875;-9.75,10.9375,-0.5625;-9.72917,6.75,-0.3125;-9.625,4.53125,-0.729167;-9.5625,1.79688,-0.3125;-9.72917,0,-0.75;-8.0625,-3.25,-0.703125;-9.46875,-5,0.9375;-9.3125,-8.20313,-0.75;-9.66964,-10.7031,0;-8.0625,-12.8125,-0.625;-9.5625,-15.5625,-0.625
-9.46875,14.6875,-0.669643;-9.75,12.0313,-0.5625;-9.46875,9.375,-0.75;-9.72917,6.9375,0.9375;-9,4.33036,-0.3125;-9.625,2.1875,-0.729167;-9.625,-0.625,-0.5625;-9.625,-1.5625,-0.669643;-9.46875,-4.0625,-0.5625;-9.5625,-8.16964,-0.703125;-9.70313,-10.6696,-0.703125;-9.46875,-13.0625,-0.5625;-9.72917,-15.625,-0.625
-9.46875,14.6875,-0.729167;-9.72917,12.5,0;-9,10.9375,-0.669643;-9.46875,6.875,0.9375;-9.46875,5,-0.703125;-9.625,2.5,-0.625;-9.46875,-0.729167,-0.46875;-9.3125,-3.0625,-0.703125;-9.66964,-5.5625,-0.3125;-9,-8.125,-0.46875;-9.75,-10,-0.5625;-9.625,-13.2292,-0.5625;-9.3125,-15.3125,-0.729167
-6.17857,-0.166667,-0.178571;-6.83333,-0.15,-0.0833333;-7.48333,-0.166667,0;-8.17857,-0.15,-0.125;-8.79167,0.25,-0.2;-9.5,-0.166667,0.25;-9.75,-0.125,0.25;-10.8167,-0.125,0;-11.4583,-0.178571,-0.1875;-12.1667,-0.2,-0.178571;-12.8452,-0.15,-0.194444;-13.5,0,-0.15;-14,-0.2,-0.166667;-14.8611,-0.178571,-0.178571;-15.5119,-0.178571,-0.15;-16.1667,-0.0833333,-0.178571;-16.8542,-0.0833333,-0.178571;-17.5208,0,-0.0833333;-18.1786,-0.1875,-0.15
8.5,14.4375,-0.375;9,12.5,-0.5;9.75,10.4,-0.535714;8.55,8.75,-0.583333;8.75,6.625,-0.535714;9,4.75,-0.583333;8.41667,2.5,-0.535714;8.75,0.75,-0.583333;8.4375,-1.45,-0.583333;8.4375,-2.25,-0.25;8.55,-5.58333,-0.583333;9.75,-7.58333,-0.25;8.55,-8.25,0.75;8.5,-11.5,-0.25;8.46429,-12.25,-0.375;8.625,-15.45,-0.6
-9.46875,14.2969,-0.669643;-9.625,11.9375,-0.5625;-9,9.27083,0;-8.0625,7.03125,-0.75;-8.0625,5,-0.703125;-8.0625,2.5,0;-9.625,-0.729167,-0.75;-9.66964,-2.8125,-0.75;-9.75,-5,-0.729167;-9.70313,-8.16964,-0.669643;-9,-10,-0.703125;-9.72917,-13.0625,-0.46875;-9.625,-15.75,-0.5625